002 0 2 3660780.0447482164
012 0 2 164115.91524801892
020 0 1 170289304.08019224
021 0 1 297682.84393704374
022 0 1 182047.1840675358
022 0 2 244179.3554739537
102 0 2 351176.24358637223
112 0 2 209954445.30007812
120 0 1 1788742.7636136776
121 0 1 511452207.32906616
122 0 1 1200422.4444718284
122 0 2 3633129.374722651
200 0 0 241550244.24297854
201 0 0 264608.90940273955
202 0 0 223729.48616597382
202 0 2 354215.26460337965
210 0 0 2804998.1687040636
211 0 0 461905759.08589184
212 0 0 480864.1580310484
212 0 2 4414386.854781113
220 0 0 3963600.718436789
220 0 1 18226004.206383735
221 0 0 4876984.020582041
221 0 1 1117454.593387932
222 0 0 1401951.2279147585
222 0 1 5897567.359316209
222 0 2 49554136.39976558
002 1 2 1830390.2723741082
012 1 2 82058.20762400948
020 1 1 85144652.29009612
021 1 1 148841.6719685219
022 1 1 91023.8420337679
022 1 2 122089.92773697687
102 1 2 175588.37179318612
112 1 2 104977222.90003906
120 1 1 516590.4933460506
121 1 1 255726103.91453308
122 1 1 600211.4722359143
122 1 2 1816564.9373613256
200 1 0 -4021943.72167138
201 1 0 132304.70470136977
202 1 0 111864.99308298691
202 1 2 177107.8823016898
210 1 0 1402499.334352032
211 1 0 230952879.79294592
212 1 0 240432.3290155242
212 1 2 2207193.677390556
220 1 0 556038.1545680345
220 1 1 9103545.194165543
221 1 0 1114795.820427982
221 1 1 -351561.465462404
222 1 0 700975.8639573792
222 1 1 2944055.350144877
222 1 2 20503368.677188892
